contig211	sp|Q96JB1|DYH8_HUMAN	77.53	89	20	0	1	267	2533	2621	4e-44	  158
contig583	sp|Q90828|DC1L1_CHICK	51.95	77	32	2	1	216	140	216	9e-19	83.2
contig590	sp|P25228|RAB3_DROME	89.47	57	6	0	43	213	1	57	2e-28	  106
contig613	sp|Q8NFA0|UBP32_HUMAN	56.84	95	37	2	284	3	661	752	2e-27	  110
contig707	sp|Q6ZTY8|CL063_HUMAN	31.25	176	108	4	2	499	159	331	2e-17	85.5
contig799	sp|Q5R5M6|PYGB_PONAB	65.17	89	28	2	2	268	162	247	2e-36	  135
contig896	sp|Q9R1C6|DGKE_MOUSE	51.16	129	62	1	467	81	413	540	1e-40	  147
contig950	sp|Q9NW07|ZN358_HUMAN	56.88	109	47	0	9	335	261	369	2e-36	  137
contig962	sp|O14672|ADA10_HUMAN	36.28	113	58	3	327	1	237	339	2e-13	70.1
contig1129	sp|A2AJ76|HMCN2_MOUSE	42.37	59	34	0	233	57	4372	4430	5e-07	50.4
contig1192	sp|Q8TD57|DYH3_HUMAN	63.78	185	65	1	3	551	3363	3547	3e-75	  252
contig1233	sp|Q5PPN7|CCD51_RAT	62.86	70	26	0	210	1	154	223	2e-22	92.0
contig1246	sp|Q91WT8|RBM47_MOUSE	59.35	123	44	2	351	1	3	125	7e-36	  134
contig1327	sp|O60268|K0513_HUMAN	35.90	78	39	1	1	201	311	388	6e-07	48.9
contig1538	sp|Q8R480|NUP85_MOUSE	48.12	133	50	2	416	18	535	648	3e-33	  127
contig1602	sp|Q69ZM6|STK36_MOUSE	43.88	98	53	1	313	20	1164	1259	3e-16	79.3
contig1732	sp|Q8TAM2|TTC8_HUMAN	65.05	186	54	2	24	551	4	188	1e-77	  248
contig1792	sp|Q9UJU3|ZN112_HUMAN	46.90	145	76	1	436	2	523	666	4e-37	  140
contig1796	sp|O08528|HXK2_MOUSE	60.22	93	36	1	2	280	592	683	1e-28	  113
contig1805	sp|Q5BJZ6|CI041_RAT	55.22	67	30	0	202	2	201	267	3e-22	91.7
contig1978	sp|P14381|YTX2_XENLA	52.00	50	24	0	65	214	515	564	1e-12	66.6
contig2134	sp|Q99LJ2|ABTB1_MOUSE	67.57	74	24	0	224	3	2	75	1e-30	  115
contig2212	sp|Q969X6|CIR1A_HUMAN	32.18	87	59	0	297	37	493	579	8e-11	62.0
contig2238	sp|Q9Y4G6|TLN2_HUMAN	67.61	142	44	1	420	1	322	463	5e-57	  197
contig2253	sp|Q99570|PI3R4_HUMAN	82.61	46	8	0	258	121	577	622	3e-19	86.3
contig2372	sp|P43446|WN10A_DANRE	42.99	214	85	1	34	564	91	304	1e-47	  167
contig2467	sp|Q5U584|3BP5L_XENLA	44.68	94	49	1	7	288	134	224	1e-12	67.4
contig2654	sp|P62168|NCS1_RAT	76.19	42	10	0	3	128	149	190	6e-15	69.7
contig2717	sp|Q13523|PRP4B_HUMAN	82.35	51	9	0	250	98	670	720	4e-20	88.6
contig2790	sp|Q13948|CASP_HUMAN	61.02	59	23	0	5	181	607	665	4e-21	90.1
contig2833	sp|P98187|CP4F8_HUMAN	52.70	74	34	1	4	222	366	439	2e-21	90.9
contig2940	sp|O88277|FAT2_RAT	42.53	87	47	3	5	262	2044	2128	5e-12	65.9
contig3001	sp|Q96LQ0|PPR36_HUMAN	44.55	101	54	1	303	1	146	244	1e-23	97.1
contig3144	sp|Q99JP4|CDC26_MOUSE	39.13	69	42	0	36	242	1	69	7e-06	43.9
contig3151	sp|Q64104|NR2E1_MOUSE	50.56	89	44	0	267	1	186	274	3e-29	  112
contig3161	sp|Q9CQI7|RU2B_MOUSE	77.27	44	10	0	1	132	180	223	4e-17	76.6
contig3220	sp|Q12830|BPTF_HUMAN	53.10	113	52	1	3	338	367	479	4e-41	  150
contig3365	sp|P55013|S12A2_SQUAC	50.98	102	48	2	2	307	377	476	2e-15	75.9
contig3437	sp|Q9H4G4|GAPR1_HUMAN	53.12	64	30	0	2	193	88	151	1e-18	79.3
contig3438	sp|A2AJ76|HMCN2_MOUSE	35.24	105	66	1	326	12	764	866	5e-12	66.2
contig3582	sp|Q03468|ERCC6_HUMAN	72.22	72	18	1	3	212	503	574	8e-30	  116
contig3633	sp|O60825|F262_HUMAN	65.52	29	10	0	5	91	409	437	9e-06	47.0
contig3648	sp|Q6TLI7|AA2AR_HORSE	25.74	136	87	4	70	450	219	349	5e-10	60.8
contig3746	sp|O60290|ZN862_HUMAN	47.50	40	21	0	122	3	137	176	9e-07	49.7
contig3793	sp|Q09575|YRD6_CAEEL	34.59	133	86	1	47	445	760	891	2e-20	92.0
contig4045	sp|Q9W734|SMAD6_CHICK	38.83	103	61	2	129	431	105	207	1e-14	74.7
contig4072	sp|A2AAY5|SPD2B_MOUSE	48.48	165	84	1	502	8	80	243	3e-45	  163
contig4079	sp|Q6NWF4|VPS25_DANRE	57.28	103	44	0	310	2	57	159	2e-36	  127
contig4175	sp|Q23381|MUTA_CAEEL	82.95	88	15	0	268	5	177	264	4e-46	  160
contig4235	sp|O74212|FAD5_MORAP	63.01	73	25	1	1	219	165	235	9e-26	  102
contig4252	sp|Q6NYH1|IF122_DANRE	55.36	56	24	1	1	168	855	909	7e-13	67.0
contig4284	sp|Q86XP1|DGKH_HUMAN	68.09	47	14	1	167	304	753	799	2e-14	73.2
contig4366	sp|Q54E24|RS8_DICDI	32.73	110	47	2	4	252	91	200	2e-16	75.1
contig4377	sp|Q5F3N1|PIMT_CHICK	47.46	59	31	0	179	3	3	61	6e-13	64.7
contig4469	sp|O88813|ACSL5_RAT	44.78	67	37	0	4	204	128	194	5e-16	76.3
contig4499	sp|Q6PHS6|SNX13_MOUSE	39.33	150	67	3	25	402	628	777	1e-23	  100
contig4771	sp|E9Q8I9|FRY_MOUSE	36.14	83	46	1	2	250	2781	2856	9e-09	56.2
contig4799	sp|P62775|MTPN_RAT	41.67	60	35	0	1	180	59	118	4e-06	45.1
contig4904	sp|Q92544|TM9S4_HUMAN	64.86	111	39	0	335	3	326	436	2e-43	  154
contig4996	sp|P49899|IOD3_XENLA	51.85	54	26	0	1	162	203	256	3e-12	63.9
contig5045	sp|O70461|MOT3_RAT	28.85	104	72	1	316	11	276	379	6e-07	50.4
contig5052	sp|Q4V7T8|ROP1L_XENLA	69.01	71	21	1	210	1	7	77	1e-26	  102
contig5232	sp|P53793|SC5A3_BOVIN	58.46	65	27	0	200	6	97	161	2e-21	91.3
contig5293	sp|Q9U518|ASPG_DIRIM	57.89	57	24	0	205	35	315	371	6e-11	61.2
contig5325	sp|Q9NXK6|MPRG_HUMAN	51.02	49	24	0	150	4	9	57	7e-09	54.7
contig5331	sp|O60237|MYPT2_HUMAN	43.68	87	45	4	115	372	52	135	3e-11	65.1
contig5354	sp|Q9UPR5|NAC2_HUMAN	44.12	68	36	1	206	3	843	908	1e-06	49.3
contig5372	sp|Q90481|NX22A_DANRE	71.01	69	20	0	399	193	120	188	2e-27	  108
contig5548	sp|Q4KM74|SC22B_RAT	61.02	59	23	0	177	1	1	59	2e-19	82.4
contig5835	sp|Q66IJ0|NUP53_XENTR	43.10	58	31	1	240	73	219	276	1e-07	51.2
contig5896	sp|Q8NE31|FA13C_HUMAN	44.26	61	34	0	239	57	525	585	7e-09	55.5
contig5899	sp|O42224|SMO_CHICK	54.93	71	28	3	231	25	79	147	2e-19	86.3
contig5926	sp|Q91W86|VPS11_MOUSE	58.93	168	68	1	20	520	124	291	2e-59	  203
contig5978	sp|Q6P0I8|EXOS6_DANRE	45.33	75	41	0	235	11	125	199	1e-18	81.3
contig6100	sp|Q9Y2R4|DDX52_HUMAN	55.41	74	33	0	12	233	137	210	2e-22	94.4
contig6286	sp|F1R6N4|ECHD1_DANRE	58.47	118	49	0	2	355	101	218	7e-31	  116
contig6345	sp|Q6DDH6|SP13A_XENLA	38.89	72	41	1	216	1	889	957	5e-09	55.8
contig6359	sp|Q7K4B6|TMTC3_DROME	51.22	41	19	1	196	77	219	259	4e-06	47.4
contig6372	sp|E9Q6I0|V2116_MOUSE	27.38	84	59	1	15	266	747	828	9e-06	47.0
contig6465	sp|Q05793|PGBM_MOUSE	28.35	127	86	2	382	2	3556	3677	5e-09	57.8
contig6530	sp|Q6P2B1|TNPO3_MOUSE	56.76	74	30	1	49	264	5	78	6e-20	88.6
contig6540	sp|Q28654|2A5E_RABIT	70.13	77	23	0	10	240	74	150	3e-21	87.0
contig6627	sp|Q9NZR4|VSX1_HUMAN	68.75	48	15	0	145	2	153	200	1e-15	73.9
contig6767	sp|Q498J9|MBLC1_XENLA	56.06	66	29	0	6	203	144	209	1e-16	74.7
contig6793	sp|Q3V0B4|CC108_MOUSE	41.86	86	50	0	260	3	141	226	2e-15	75.5
contig6819	sp|Q90632|MOT3_CHICK	32.95	88	59	0	265	2	24	111	2e-09	57.8
contig6850	sp|Q3UMF9|FAXC_MOUSE	30.49	82	57	0	247	2	251	332	2e-10	60.1
contig6932	sp|Q5JSJ4|DX26B_HUMAN	56.72	67	25	1	217	29	265	331	1e-21	94.4
contig7028	sp|A0JPQ1|CG057_RAT	40.66	91	50	2	309	37	20	106	4e-13	67.0
contig7031	sp|A6QNM7|UBP33_BOVIN	41.96	112	42	2	268	2	66	177	4e-17	80.5
contig7120	sp|Q5ZKR4|RABL3_CHICK	58.51	94	35	1	270	1	1	94	1e-36	  129
contig7309	sp|Q9ULG1|INO80_HUMAN	60.00	90	35	1	1	267	757	846	5e-24	  100
contig7373	sp|A4IFM3|DR9C7_BOVIN	49.25	67	34	0	214	14	171	237	2e-14	69.7
contig7417	sp|Q5EA19|ARL15_BOVIN	49.56	113	57	0	502	164	82	194	2e-27	  107
contig7448	sp|Q91743|FGFR4_XENLA	55.95	84	34	1	1	243	551	634	9e-26	  104
contig7613	sp|Q9WUH7|SEM4G_MOUSE	40.91	66	32	3	227	45	489	552	3e-10	59.3
contig7689	sp|Q86V85|GP180_HUMAN	41.67	72	42	0	49	264	323	394	2e-08	54.3
contig7747	sp|Q8NFP4|MDGA1_HUMAN	35.29	68	37	1	36	218	833	900	7e-07	49.7
contig7749	sp|Q8BRC6|MAAT1_MOUSE	53.93	89	39	2	3	263	380	468	2e-19	86.7
contig7809	sp|O70593|SGTA_RAT	47.79	136	61	2	1	390	30	161	3e-34	  126
contig7848	sp|B0UXU6|M4GDA_DANRE	41.51	53	30	1	48	203	137	189	8e-06	45.1
contig7913	sp|Q8N1V2|WDR16_HUMAN	39.18	97	37	2	21	311	9	83	2e-13	69.3
contig7950	sp|Q03600|INA1_CAEEL	44.58	83	35	2	220	5	445	527	1e-11	63.9
contig7967	sp|Q96CW5|GCP3_HUMAN	65.79	76	26	0	6	233	700	775	2e-30	  117
contig7983	sp|Q02548|PAX5_HUMAN	80.20	101	20	0	2	304	16	116	1e-50	  170
contig8024	sp|Q7Z7G8|VP13B_HUMAN	28.16	103	61	2	72	341	1354	1456	4e-06	48.9
contig8047	sp|P42325|NCAH_DROME	77.05	61	14	0	183	1	1	61	3e-29	  108
contig8072	sp|P74334|ACOX_SYNY3	50.00	52	23	2	155	3	22	71	1e-08	54.3
contig8091	sp|Q6P011|EMC4_DANRE	46.94	98	45	4	4	288	10	103	7e-20	84.3
contig8092	sp|Q07889|SOS1_HUMAN	63.64	88	32	0	267	4	30	117	5e-33	  125
contig8099	sp|P41969|ELK1_MOUSE	61.45	83	32	0	338	90	7	89	1e-29	  115
contig8104	sp|Q6P5P3|TTC9C_RAT	40.26	77	39	2	7	222	8	82	3e-12	62.4
contig8159	sp|P35440|TSP2_CHICK	64.29	42	15	0	174	299	498	539	2e-11	65.1
contig8162	sp|Q3U487|HECD3_MOUSE	49.47	281	138	3	1201	368	580	859	6e-83	  277
contig8233	sp|B4HFB7|HH_DROSE	50.00	96	44	2	147	425	61	155	5e-20	89.4
contig8299	sp|O95741|CPNE6_HUMAN	57.33	75	30	2	243	22	111	184	2e-19	85.5
contig8313	sp|Q9CZS3|FOPNL_MOUSE	78.26	46	10	0	139	2	10	55	1e-17	77.0
contig8363	sp|O18757|SCMC1_RABIT	43.68	87	48	1	13	273	25	110	5e-18	82.0
contig8380	sp|Q9FUZ0|DEF1A_SOLLC	43.75	64	36	0	263	72	93	156	1e-10	59.7
contig8486	sp|Q75JK0|ZAK1_DICDI	33.65	104	59	3	2	304	534	630	1e-10	62.0
contig8514	sp|Q568D2|CO026_DANRE	38.24	68	40	1	199	2	100	167	2e-09	56.2
contig8523	sp|Q9CZD3|SYG_MOUSE	60.00	50	20	0	2	151	187	236	2e-06	48.1
contig8532	sp|Q9UGU5|HMGX4_HUMAN	42.42	165	61	6	1	405	426	586	1e-24	  103
contig8560	sp|Q9NQP4|PFD4_HUMAN	67.92	53	17	0	50	208	11	63	8e-18	76.6
contig8644	sp|P97767|EYA1_MOUSE	73.13	67	18	0	202	2	312	378	1e-29	  117
contig8659	sp|Q5BKL9|CAB45_XENTR	41.33	150	87	1	461	15	211	360	3e-30	  117
contig8696	sp|Q9N0F1|ODO2_PIG	53.66	41	18	1	127	5	57	96	5e-09	55.1
contig8744	sp|Q8NI36|WDR36_HUMAN	35.54	121	78	0	363	1	821	941	1e-12	68.6
contig8764	sp|Q9GZZ6|ACH10_HUMAN	44.78	67	37	0	4	204	50	116	3e-19	84.0
contig8852	sp|P54763|EPHB2_MOUSE	65.67	67	23	0	202	2	658	724	6e-23	95.9
contig8904	sp|Q8TBN0|R3GEF_HUMAN	70.00	70	20	1	38	244	101	170	3e-17	79.0
contig8907	sp|P91622|PDK_DROME	48.81	84	40	1	245	3	89	172	2e-15	73.6
contig8916	sp|Q2TBV6|CC124_BOVIN	68.18	44	14	0	134	3	139	182	7e-13	66.2
contig8975	sp|P20825|POL2_DROME	38.76	129	78	1	395	12	404	532	2e-25	  106
contig9048	sp|Q8N9M1|CS047_HUMAN	53.85	78	32	1	17	238	25	102	3e-19	84.3
contig9108	sp|P21826|MASZ_YEAST	58.54	82	34	0	1	246	250	331	2e-29	  114
contig9113	sp|Q8K4G5|ABLM1_MOUSE	58.33	36	15	0	308	201	263	298	5e-08	53.9
contig9163	sp|P29117|PPIF_RAT	76.67	30	7	0	2	91	176	205	6e-08	50.4
contig9228	sp|Q32NH8|PLCD4_XENLA	54.50	189	86	0	5	571	215	403	2e-67	  225
contig9378	sp|Q6NYL5|ALAT2_DANRE	58.90	73	29	1	1	216	301	373	9e-22	92.0
contig9515	sp|O77562|DEAF1_PANTR	79.37	63	13	0	4	192	245	307	1e-19	85.9
contig9516	sp|Q8K2A6|LIPM_MOUSE	54.32	81	37	0	247	5	42	122	3e-26	  105
contig9637	sp|Q9D131|CK001_MOUSE	53.85	52	23	1	158	6	27	78	2e-12	63.2
contig9646	sp|Q5PQ27|S2542_XENLA	62.64	91	34	0	72	344	31	121	3e-26	  103
contig9702	sp|Q5EAC5|ZN410_BOVIN	62.71	59	22	0	268	92	303	361	1e-22	95.1
contig9790	sp|Q8BFY9|TNPO1_MOUSE	63.41	82	27	1	48	293	326	404	3e-21	92.8
contig9859	sp|Q9BXW6|OSBL1_HUMAN	60.76	79	30	1	114	347	846	924	8e-23	97.8
contig9931	sp|P23709|NDUS3_BOVIN	59.46	37	15	0	164	274	52	88	1e-06	48.5
contig10014	sp|Q98930|SORL_CHICK	38.39	112	68	1	346	11	263	373	6e-19	87.0
contig10017	sp|Q28DT9|SPSB3_XENTR	51.33	113	54	1	336	1	191	303	2e-33	  124
contig10035	sp|Q6DD27|TAOK3_XENLA	82.11	95	17	0	286	2	101	195	1e-48	  169
contig10089	sp|Q9BYX4|IFIH1_HUMAN	33.86	127	74	4	369	1	668	788	1e-12	68.2
contig10291	sp|Q6PB70|ANO8_MOUSE	55.71	70	31	0	7	216	287	356	6e-21	90.5
contig10431	sp|Q8K190|SMDC1_MOUSE	55.56	63	19	2	184	11	113	171	2e-14	69.3
contig10436	sp|P48441|IDUA_MOUSE	38.36	73	44	1	246	28	472	543	9e-13	67.0
contig10459	sp|O14522|PTPRT_HUMAN	50.62	81	40	0	244	2	925	1005	2e-21	92.8
contig10553	sp|Q5R630|NECP1_PONAB	73.02	63	17	0	191	3	31	93	1e-28	  107
contig10606	sp|Q3UDK1|TRAD1_MOUSE	43.66	71	40	0	11	223	24	94	2e-13	68.2
contig10629	sp|Q9CTY5|MICU3_MOUSE	50.75	67	33	0	3	203	442	508	6e-17	78.2
contig10637	sp|A4IFD0|KAD5_BOVIN	37.50	64	37	1	192	10	2	65	4e-09	56.2
contig10652	sp|Q96N23|CL055_HUMAN	52.50	80	37	1	21	257	346	425	1e-19	87.4
contig10673	sp|Q2NL34|COQ9_BOVIN	45.88	85	46	0	281	27	211	295	4e-22	91.7
contig10688	sp|Q8N5V2|NGEF_HUMAN	50.00	40	20	0	153	34	648	687	3e-08	53.1
contig10694	sp|Q80XK6|ATG2B_MOUSE	52.86	70	27	3	3	209	94	158	4e-13	68.6
contig10706	sp|Q62240|KDM5D_MOUSE	64.43	149	53	0	458	12	528	676	1e-52	  185
contig10707	sp|A1L1G1|ESRP1_DANRE	71.64	67	19	0	221	21	245	311	1e-29	  114
contig10752	sp|Q53GS9|SNUT2_HUMAN	53.03	66	27	2	5	202	478	539	5e-17	78.2
contig10821	sp|O94804|STK10_HUMAN	50.85	59	29	0	213	37	16	74	9e-14	70.1
contig10849	sp|Q9W6H5|UBC9A_DANRE	87.50	80	10	0	135	374	1	80	1e-46	  154
contig10879	sp|A7RU46|NAPA_NEMVE	68.97	87	27	0	262	2	987	1073	7e-36	  134
contig10882	sp|Q54SB6|BLML3_DICDI	49.21	63	29	1	23	202	97	159	2e-10	59.7
contig10940	sp|Q05024|TRI1_YEAST	39.51	81	48	1	245	3	117	196	1e-11	61.2
contig10967	sp|Q6NYL5|ALAT2_DANRE	60.00	45	18	0	103	237	64	108	7e-08	52.8
contig10983	sp|Q7TN02|MED26_MOUSE	55.81	43	19	0	159	31	7	49	5e-07	50.8
contig11056	sp|Q6ZMW3|EMAL6_HUMAN	65.82	79	27	0	242	6	160	238	1e-30	  119
contig11058	sp|Q93084|AT2A3_HUMAN	74.24	66	17	0	1	198	46	111	1e-13	69.3
contig11062	sp|P39053|DYN1_MOUSE	76.14	88	21	0	266	3	348	435	5e-41	  147
contig11120	sp|Q95SX7|RTBS_DROME	32.08	159	98	3	545	90	566	721	4e-18	86.3
contig11142	sp|Q8C0I1|ADAS_MOUSE	37.37	99	46	4	38	286	23	121	4e-10	60.1
contig11143	sp|Q86XU0|ZN677_HUMAN	37.61	109	55	4	409	83	390	485	8e-15	74.7
contig11161	sp|P07814|SYEP_HUMAN	84.52	84	13	0	1	252	1110	1193	4e-45	  160
contig11246	sp|O43526|KCNQ2_HUMAN	33.33	63	36	2	13	201	246	302	8e-06	47.0
contig11281	sp|P34519|TXTP_CAEEL	65.38	78	27	0	234	1	53	130	1e-16	76.3
contig11291	sp|C7G3A0|MPPE1_CRIGR	45.65	138	63	2	1	408	196	323	2e-36	  134
contig11297	sp|O35207|CDKA1_MOUSE	67.16	67	22	0	18	218	47	113	2e-24	94.4
contig11311	sp|Q9HBH5|RDH14_HUMAN	43.59	78	38	2	265	38	237	310	3e-12	64.7
contig11326	sp|Q7VU56|TTCA_BORPE	46.03	63	31	1	215	27	53	112	2e-07	50.1
contig11377	sp|Q2YDQ5|FBXL5_DANRE	64.10	39	14	0	203	87	218	256	4e-12	64.3
contig11455	sp|P15508|SPTB1_MOUSE	72.34	47	13	0	211	71	170	216	9e-17	79.0
contig11522	sp|Q15751|HERC1_HUMAN	39.80	98	48	2	274	2	3323	3416	2e-11	64.7
contig11549	sp|Q60560|SMBP2_MESAU	66.30	92	31	0	1	276	330	421	1e-34	  130
contig11553	sp|Q9DAQ4|CB081_MOUSE	54.55	44	20	0	51	182	99	142	3e-06	47.4
contig11555	sp|Q69ZL1|FGD6_MOUSE	43.48	69	39	0	7	213	882	950	7e-13	67.4
contig11558	sp|Q8IUS5|EPHX4_HUMAN	37.21	86	48	3	6	257	266	347	8e-12	63.5
contig11595	sp|P36198|LHX2_RAT	55.56	54	24	0	245	406	52	105	6e-14	71.6
contig11625	sp|Q22031|TRM7_CAEEL	59.14	93	34	1	3	281	23	111	5e-33	  121
contig11633	sp|Q10711|ECE2_BOVIN	50.00	112	56	0	343	8	747	858	7e-32	  123
contig11670	sp|Q8BFR6|ZFAN1_MOUSE	49.12	57	29	0	193	23	118	174	2e-09	55.8
contig11722	sp|Q8BU30|SYIC_MOUSE	56.79	81	35	0	3	245	866	946	3e-24	  100
contig11764	sp|Q14203|DCTN1_HUMAN	59.18	98	39	1	2	295	10	106	8e-33	  126
contig11783	sp|Q9SHH7|GSTUP_ARATH	66.67	36	12	0	5	112	71	106	4e-10	56.6
contig11908	sp|Q07890|SOS2_HUMAN	41.56	77	42	1	3	233	988	1061	4e-11	62.4
contig11931	sp|Q96RG2|PASK_HUMAN	60.81	74	29	0	2	223	1169	1242	2e-24	  100
contig11936	sp|P49754|VPS41_HUMAN	65.31	49	16	1	181	35	28	75	2e-13	68.6
contig11991	sp|Q5R5J1|PCKGC_PONAB	69.90	103	30	1	308	3	126	228	5e-45	  158
contig11996	sp|Q3SYC2|MOGT2_HUMAN	56.25	64	28	0	2	193	143	206	8e-11	60.1
contig12006	sp|Q8VDU0|GPSM2_MOUSE	41.30	92	54	0	304	29	267	358	8e-13	68.2
contig12011	sp|Q6PCQ0|IQCE_MOUSE	39.18	97	58	1	6	296	177	272	3e-15	75.1
contig12113	sp|Q8Q0U0|Y045_METMA	42.28	123	71	0	12	380	233	355	2e-21	92.8
contig12116	sp|P07607|TYSY_MOUSE	67.39	46	15	0	15	152	262	307	2e-15	72.0
contig12223	sp|Q01635|LAMB1_CHICK	50.00	80	34	1	2	223	11	90	6e-21	87.4
contig12261	sp|Q5UPX0|YR290_MIMIV	45.00	60	33	0	2	181	289	348	7e-11	60.8
contig12281	sp|Q61290|CAC1E_MOUSE	85.71	42	6	0	127	2	187	228	1e-14	72.8
contig12299	sp|Q9BXB5|OSB10_HUMAN	68.75	64	20	0	197	6	550	613	2e-25	  103
contig12306	sp|Q99MH9|BBS2_RAT	57.73	97	41	0	2	292	509	605	2e-30	  117
contig12346	sp|Q96P63|SPB12_HUMAN	40.38	52	31	0	75	230	112	163	1e-07	51.6
contig12390	sp|Q8IWZ3|ANKH1_HUMAN	47.20	125	66	0	212	586	309	433	7e-27	  113
contig12475	sp|Q5TCS8|KAD9_HUMAN	60.61	66	26	0	3	200	1843	1908	7e-20	88.2
contig12556	sp|Q9NU02|ANKE1_HUMAN	53.12	96	45	0	10	297	450	545	5e-29	  114
contig12573	sp|Q99LJ1|FUCO_MOUSE	66.67	81	25	2	3	242	188	267	2e-30	  115
contig12608	sp|Q3TQI7|CI078_MOUSE	50.94	53	26	0	310	152	181	233	1e-10	60.5
contig12720	sp|P28288|ABCD3_HUMAN	82.95	88	15	0	332	69	559	646	6e-49	  169
contig12734	sp|B0R0T1|VWA8_DANRE	39.74	78	44	1	263	39	1226	1303	1e-09	58.9
contig12762	sp|Q9UKJ5|CHIC2_HUMAN	63.16	76	21	1	1	207	27	102	1e-15	71.6
contig12855	sp|Q7ZYA0|LMBD2_XENLA	50.00	64	32	0	17	208	216	279	1e-13	69.3
contig12883	sp|O94431|YHKC_SCHPO	39.73	73	44	0	270	52	175	247	2e-15	74.3
contig12927	sp|Q6GNV7|DIRC2_XENLA	44.23	52	29	0	12	167	353	404	1e-07	51.6
contig12941	sp|P24802|PLOD1_CHICK	69.14	81	25	0	300	58	650	730	3e-35	  131
contig13029	sp|Q86Y82|STX12_HUMAN	56.25	64	28	0	194	3	184	247	9e-18	78.2
contig13058	sp|P35821|PTN1_MOUSE	42.37	59	32	1	195	19	3	59	7e-08	52.8
contig13063	sp|O94762|RECQ5_HUMAN	37.68	69	33	1	86	292	46	104	3e-07	52.0
contig13106	sp|P31018|EF1A_ENTHI	93.06	72	5	0	218	3	1	72	9e-41	  143
contig13123	sp|Q00690|LYAM2_MOUSE	33.33	120	70	4	19	348	313	432	2e-13	70.5
contig13140	sp|Q9Y2Q3|GSTK1_HUMAN	62.90	62	23	0	190	5	6	67	9e-22	89.4
contig13153	sp|Q6DDX7|AR2BP_XENLA	49.18	61	31	0	191	9	7	67	1e-13	66.2
contig13164	sp|P53992|SC24C_HUMAN	71.43	105	30	0	1	315	534	638	6e-43	  154
contig13166	sp|Q6P4L9|NFRKB_XENTR	47.83	69	32	2	15	209	10	78	1e-12	66.2
contig13197	sp|Q9BZC7|ABCA2_HUMAN	46.74	92	48	1	9	284	607	697	3e-26	  107
contig13252	sp|Q8BWG8|ARRB1_MOUSE	61.70	47	18	0	146	6	159	205	5e-12	63.9
contig13260	sp|P38976|RAS2_HYDVU	90.24	41	4	0	82	204	2	42	1e-11	60.5
contig13267	sp|Q9Y6D6|BIG1_HUMAN	44.53	137	63	3	414	7	603	727	2e-26	  110
contig13317	sp|Q9H2F5|EPC1_HUMAN	74.03	77	19	1	229	2	1	77	7e-32	  123
contig13389	sp|Q15464|SHB_HUMAN	65.00	40	14	0	14	133	465	504	8e-11	60.8
contig13393	sp|Q8K297|GT251_MOUSE	63.08	65	24	0	8	202	505	569	2e-22	94.7
contig13407	sp|O88572|LRP6_MOUSE	49.06	53	20	2	184	26	588	633	9e-07	49.3
contig13426	sp|Q8C033|ARHGA_MOUSE	36.19	105	56	3	306	22	669	772	3e-10	61.2
contig13432	sp|O02776|PARG_BOVIN	60.27	73	28	1	217	2	833	905	3e-24	99.8
contig13472	sp|Q6ZMW3|EMAL6_HUMAN	62.21	172	64	1	513	1	1089	1260	3e-68	  231
contig13491	sp|Q9D0D4|DIM1_MOUSE	88.68	53	6	0	159	1	167	219	8e-25	  102
contig13533	sp|Q8INF0|GCY8E_DROME	56.72	67	28	1	4	204	466	531	1e-14	72.4
contig13720	sp|P26619|PGFRA_XENLA	56.86	51	22	0	48	200	784	834	6e-13	67.4
contig13749	sp|P81139|LIPR2_CAVPO	34.52	84	47	3	244	5	9	88	1e-08	54.7
contig13814	sp|Q99758|ABCA3_HUMAN	41.07	56	33	0	176	9	780	835	3e-06	47.8
contig13866	sp|Q86YS7|C2CD5_HUMAN	66.67	45	15	0	127	261	338	382	2e-13	70.5
contig13879	sp|Q9TTK4|LYST_BOVIN	65.85	82	28	0	276	31	3340	3421	4e-31	  121
contig13904	sp|Q9NZM1|MYOF_HUMAN	57.65	85	36	0	3	257	1487	1571	4e-17	80.5
contig13905	sp|P07742|RIR1_MOUSE	79.69	64	13	0	194	3	626	689	5e-28	  110
contig13911	sp|P35738|ODBB_RAT	76.79	56	13	0	2	169	289	344	5e-24	96.7
contig13924	sp|Q8K3M6|ERC2_RAT	30.88	136	94	0	5	412	529	664	2e-06	50.1
contig13970	sp|Q5I0K3|CLYBL_RAT	47.92	48	25	0	3	146	285	332	2e-10	58.9
contig13975	sp|Q84K11|PPP5_SOLLC	72.31	65	18	0	204	10	408	472	1e-26	  105
contig13990	sp|Q9HAT8|PELI2_HUMAN	54.69	64	29	0	197	6	332	395	3e-16	75.5
contig14005	sp|O19071|MGAT2_PIG	39.74	78	45	2	32	265	338	413	2e-14	71.6
contig14042	sp|O88956|LPP1_CAVPO	40.98	61	35	1	183	1	88	147	1e-08	53.5
contig14057	sp|Q3TZA2|CDKL4_MOUSE	51.56	64	30	1	25	213	227	290	8e-16	73.9
contig14149	sp|A2A4P0|DHX8_MOUSE	63.16	76	26	1	229	2	486	559	2e-23	97.8
contig14154	sp|O58974|Y1209_PYRHO	47.69	65	32	2	210	16	29	91	4e-10	57.4
contig14160	sp|P04323|POL3_DROME	37.74	53	33	0	2	160	412	464	3e-06	47.8
contig14177	sp|P48630|FD6E1_SOYBN	62.03	79	30	0	15	251	244	322	3e-27	  105
contig14194	sp|O43236|SEPT4_HUMAN	70.09	107	32	0	6	326	304	410	2e-48	  166
contig14226	sp|Q15058|KIF14_HUMAN	47.37	57	23	1	3	173	886	935	2e-10	60.8
contig14236	sp|Q5RH71|TSN33_DANRE	39.51	81	45	2	231	1	162	242	1e-13	67.4
contig14243	sp|Q61382|TRAF4_MOUSE	33.73	83	55	0	251	3	3	85	2e-12	65.9
contig14263	sp|Q62599|MTA1_RAT	82.65	98	17	0	294	1	213	310	2e-50	  174
contig14330	sp|Q6R5N8|TLR13_MOUSE	42.42	66	35	1	42	230	830	895	3e-10	59.7
contig14360	sp|Q8IVF4|DYH10_HUMAN	70.75	106	31	0	9	326	3337	3442	4e-47	  168
contig14402	sp|Q9JJX7|TYDP2_MOUSE	61.84	76	29	0	229	2	232	307	9e-27	  104
contig14403	sp|P26990|ARF6_CHICK	75.00	28	7	0	214	131	148	175	2e-09	54.3
contig14450	sp|Q96NH3|BROMI_HUMAN	62.50	48	17	1	213	70	867	913	2e-14	71.6
contig14499	sp|Q9CQU0|TXD12_MOUSE	64.15	53	19	0	160	2	28	80	1e-17	77.4
contig14521	sp|Q6ED65|EMAL5_RAT	67.65	68	22	0	1	204	450	517	2e-26	  106
contig14558	sp|P49899|IOD3_XENLA	52.17	46	22	0	139	2	94	139	3e-08	52.4
contig14567	sp|O01761|UNC89_CAEEL	42.19	64	37	0	3	194	3558	3621	5e-07	50.1
contig14609	sp|Q8K3C3|LZIC_MOUSE	57.14	84	36	0	278	27	107	190	5e-23	92.4
contig14618	sp|Q86WI3|NLRC5_HUMAN	46.67	60	30	2	187	11	1568	1626	2e-06	48.1
contig14637	sp|Q8BNQ3|G137B_MOUSE	51.90	79	38	0	36	272	259	337	1e-22	94.0
contig14645	sp|Q14642|I5P1_HUMAN	41.94	93	52	2	47	325	12	102	7e-18	81.6
contig14693	sp|Q5RDY7|GBB5_PONAB	62.96	54	20	0	213	52	300	353	3e-19	84.0
contig14757	sp|P50430|ARSB_RAT	62.50	80	30	0	2	241	276	355	1e-26	  105
contig14764	sp|Q9ES00|UBE4B_MOUSE	48.48	66	34	0	198	1	510	575	5e-16	76.6
contig14845	sp|Q90953|CSPG2_CHICK	41.67	60	35	0	31	210	3255	3314	1e-12	67.4
contig14871	sp|Q6ZWH5|NEK10_HUMAN	54.41	68	30	1	2	202	772	839	2e-16	77.0
contig14904	sp|Q9ESP5|FEZF2_MOUSE	55.86	111	49	0	7	339	272	382	3e-38	  138
contig15033	sp|Q6MZW2|FSTL4_HUMAN	27.89	147	90	4	448	20	65	199	6e-09	58.2
contig15133	sp|Q9D845|TEX9_MOUSE	68.42	38	12	0	76	189	274	311	5e-07	49.3
contig15158	sp|P10394|POL4_DROME	46.67	60	26	2	207	34	684	739	3e-06	47.8
contig15196	sp|P35673|GALE_ERWAM	65.67	67	23	0	246	46	269	335	8e-27	  104
contig15201	sp|Q98SJ2|DAZP1_XENLA	40.91	88	43	4	2	241	43	129	1e-11	62.8
contig15363	sp|P07314|GGT1_RAT	63.64	88	32	0	284	21	403	490	4e-32	  121
contig15408	sp|Q13591|SEM5A_HUMAN	52.38	84	36	2	267	16	817	896	7e-18	82.4
contig15417	sp|A1A4L4|F188B_BOVIN	58.14	86	35	1	258	1	558	642	2e-25	  103
contig15470	sp|Q63342|M2GD_RAT	50.60	83	41	0	253	5	443	525	2e-21	92.4
contig15550	sp|P80147|GABT_PIG	72.73	66	18	0	203	6	323	388	1e-31	  118
contig15657	sp|Q3ZBF6|ACADS_BOVIN	60.78	51	18	1	115	261	21	71	5e-13	67.4
contig15673	sp|Q9C098|DCLK3_HUMAN	73.02	126	34	0	2	379	476	601	1e-59	  199
contig15690	sp|P04070|PROC_HUMAN	37.29	59	31	1	235	59	397	449	2e-06	48.5
contig15803	sp|P27715|UNC13_CAEEL	45.05	91	43	2	28	279	57	147	8e-18	83.2
contig15867	sp|Q06846|RP3A_BOVIN	63.74	91	28	1	51	308	422	512	5e-29	  115
contig15929	sp|E1BB03|ZRAB3_BOVIN	52.83	53	25	0	16	174	992	1044	1e-13	69.7
contig15936	sp|P28682|OPSB_CHICK	38.24	68	40	2	8	211	284	349	6e-07	49.3
contig15959	sp|O43818|U3IP2_HUMAN	63.64	55	20	0	254	90	412	466	8e-20	86.7
contig15982	sp|Q6IQC7|TMX2B_DANRE	49.28	69	35	0	3	209	204	272	1e-15	74.3
contig16083	sp|Q9WVJ4|SYJ2B_RAT	46.43	56	30	0	245	78	14	69	7e-11	58.9
contig16118	sp|Q3V0B4|CC108_MOUSE	38.18	110	58	1	301	2	26	135	5e-18	84.7
contig16138	sp|Q6P4J8|SMU1_XENTR	90.74	54	5	0	210	49	77	130	8e-28	  108
contig16148	sp|Q9NBX4|RTXE_DROME	38.57	70	39	1	6	203	613	682	5e-07	50.1
contig16174	sp|Q5EBI0|S2610_MOUSE	65.85	41	14	0	233	111	127	167	6e-10	58.5
contig16189	sp|Q09328|MGT5A_HUMAN	38.10	84	49	2	325	83	26	109	8e-07	50.4
contig16242	sp|Q6V0I7|FAT4_HUMAN	43.18	88	48	1	272	9	3854	3939	6e-21	91.7
contig16246	sp|Q6ZNB5|TRC2L_HUMAN	40.91	66	36	2	31	228	1	63	2e-07	48.5
contig16283	sp|Q7T3H9|HYI_DANRE	34.43	61	40	0	187	5	4	64	2e-06	47.4
contig16300	sp|O15439|MRP4_HUMAN	50.50	101	50	0	304	2	1070	1170	1e-28	  114
contig16331	sp|Q5XGS8|GTPB1_XENLA	64.62	65	23	0	198	4	258	322	3e-22	93.6
contig16401	sp|Q5RGE6|HSP7E_DANRE	46.91	81	43	0	251	9	1	81	4e-19	84.7
contig16457	sp|Q9UBV2|SE1L1_HUMAN	72.84	81	21	1	243	4	314	394	7e-31	  119
contig16460	sp|Q09225|NRF6_CAEEL	36.23	69	41	2	14	220	648	713	7e-06	46.6
contig16468	sp|P0C1Q2|PDE11_MOUSE	55.26	76	33	1	4	231	263	337	1e-25	  103
contig16497	sp|O14638|ENPP3_HUMAN	32.88	73	47	2	25	240	575	646	1e-08	55.5
contig16513	sp|Q9MYW6|XDH_FELCA	54.63	108	47	2	333	10	613	718	1e-29	  117
contig16515	sp|F1QRC1|DRC1_DANRE	62.50	64	24	0	2	193	476	539	2e-21	91.7
contig16546	sp|Q6PIY5|CA228_HUMAN	56.25	64	28	0	39	230	237	300	6e-13	67.0
contig16549	sp|Q6NRH1|DCAF8_XENLA	50.00	62	29	1	35	220	158	217	4e-09	55.8
contig16617	sp|O35899|SC6A4_CAVPO	55.38	65	29	0	48	242	54	118	2e-19	86.3
contig16663	sp|Q8WZ42|TITIN_HUMAN	42.67	75	42	1	7	231	4445	4518	3e-10	60.1
contig16672	sp|Q642T7|DIEXF_XENTR	58.62	58	23	1	26	196	353	410	3e-14	71.2
contig16703	sp|Q8N7U6|EFHB_HUMAN	49.66	147	74	0	454	14	356	502	7e-42	  153
contig16721	sp|Q8HXP2|SODM_MACMU	62.39	109	41	0	6	332	81	189	1e-47	  157
contig16725	sp|Q8NFA0|UBP32_HUMAN	60.44	91	36	0	2	274	16	106	3e-29	  115
contig16756	sp|Q28DE7|KLD10_XENTR	63.24	68	25	0	209	6	285	352	4e-28	  107
contig16866	sp|Q9NQX0|PRDM6_HUMAN	49.15	59	28	1	40	210	244	302	5e-11	61.6
contig16877	sp|Q16698|DECR_HUMAN	67.12	73	24	0	220	2	102	174	6e-26	  101
contig16899	sp|Q6DDP3|ENPP6_XENLA	36.04	111	51	3	273	1	295	405	3e-14	71.2
contig16959	sp|Q17GZ9|ARP5_AEDAE	50.00	84	38	2	1	240	37	120	1e-20	89.4
contig17000	sp|Q5XF89|AT133_MOUSE	43.28	67	38	0	2	202	959	1025	1e-07	51.6
contig17027	sp|O00141|SGK1_HUMAN	58.49	53	22	0	229	71	378	430	5e-15	72.4
contig17043	sp|Q9ERS4|PKHA3_MOUSE	52.00	125	59	1	390	16	12	135	2e-40	  142
contig17070	sp|P97820|M4K4_MOUSE	64.63	82	27	1	247	2	967	1046	5e-30	  117
contig17079	sp|Q99JY8|LPP3_MOUSE	44.44	54	30	0	72	233	119	172	4e-09	55.5
contig17092	sp|Q99LG2|TNPO2_MOUSE	83.67	49	8	0	25	171	626	674	4e-20	88.6
contig17106	sp|O19015|BGAL_FELCA	70.83	72	21	0	216	1	48	119	3e-29	  113
contig17220	sp|A7RWD2|CIAO1_NEMVE	82.73	110	19	0	331	2	26	135	2e-57	  187
contig17319	sp|Q9WUA2|SYFB_MOUSE	70.83	72	21	0	1	216	410	481	9e-26	  103
contig17377	sp|Q8R491|EHD3_RAT	53.73	67	31	0	201	1	321	387	2e-17	79.3
contig17380	sp|Q9BWH6|RPAP1_HUMAN	40.00	80	41	2	4	237	1073	1147	4e-07	50.8
contig17390	sp|Q8IVV2|LOXH1_HUMAN	49.47	95	47	1	340	56	1637	1730	1e-22	97.4
contig17431	sp|Q6ZQW0|I23O2_HUMAN	45.83	48	26	0	195	52	273	320	4e-06	47.4
contig17538	sp|Q5R573|RBL2A_PONAB	62.79	43	13	1	2	130	165	204	2e-08	52.0
contig17548	sp|Q9YHY6|CND1_XENLA	54.55	44	20	0	91	222	945	988	8e-08	52.8
contig17559	sp|P07996|TSP1_HUMAN	49.44	89	42	2	261	1	442	529	5e-20	88.6
contig17565	sp|Q96Q05|TPPC9_HUMAN	36.78	87	53	1	15	269	534	620	2e-11	63.5
contig17589	sp|Q12955|ANK3_HUMAN	45.97	124	67	0	375	4	664	787	2e-30	  120
contig17621	sp|A7RNG8|CCD22_NEMVE	61.43	70	27	0	4	213	221	290	3e-20	89.0
contig17690	sp|P52899|ODPA_CAEEL	63.38	71	26	0	3	215	43	113	4e-26	  102
contig17765	sp|Q8BHY3|ANO1_MOUSE	67.69	65	21	0	10	204	711	775	7e-15	73.2
contig17842	sp|P62335|PRS10_SPETR	94.81	77	4	0	233	3	136	212	1e-43	  150
contig17858	sp|O14662|STX16_HUMAN	53.62	69	32	0	80	286	132	200	4e-15	72.8
contig17887	sp|Q8K1P8|MOT8_RAT	40.91	110	61	1	323	6	105	214	3e-20	89.0
contig17934	sp|Q80U30|CL16A_MOUSE	63.77	69	23	1	201	1	190	258	9e-21	89.7
contig18014	sp|O42227|HDA1B_XENLA	88.33	60	7	0	180	1	293	352	2e-33	  124
contig18027	sp|Q9WU79|PROD_MOUSE	52.38	84	39	1	2	250	431	514	3e-21	91.3
contig18060	sp|Q4ZIN3|MBRL_HUMAN	88.57	70	8	0	1	210	364	433	6e-23	95.5
contig18083	sp|Q8C8R3|ANK2_MOUSE	43.94	66	36	1	165	362	231	295	2e-08	55.8
contig18098	sp|P98074|ENTK_PIG	48.53	68	34	1	323	120	922	988	2e-16	79.3
contig18169	sp|Q7Z3J2|CP062_HUMAN	54.00	100	40	1	307	8	237	330	3e-27	  109
contig18178	sp|Q9NU19|TB22B_HUMAN	67.16	67	22	0	228	28	436	502	3e-24	99.0
contig18261	sp|Q569L8|CENPJ_MOUSE	52.50	80	38	0	271	32	974	1053	2e-21	92.8
contig18270	sp|P0CT40|TF29_SCHPO	39.39	66	40	0	1	198	641	706	7e-10	59.3
